9.0
48.76
8.0
12.0
14.0
7.7
26.82
5.0
13.1
10.0
14.0
20.0
6.0
10.0
76.8
20.0
9.44
114.5
20.0
18.0
982.0
24.0
710.0
710.0
20.0
438.0
10.0
6.4
6.0
4.87
307.0
2.74
81.0
14.22
381.0
7.62
10.0
133.0
14.0
13.0
32.0
10.0
56.0
13.0
27.0
149.35
90.0
90.0
90.0
90.0
90.0
39.0
626.05
30.0
20.0
86.25
9.0
15.0
12.8
16.0
80.0
8.0
4.0
9.1
7.62
8.0
13.0
17.06
21.0
10.0
72.23
195.0
319.0
50.0
123.0
4.0
26.0
24.0
5.0
406.0
110.0
251.0
70.0
12.8
7.55
8.0
11.0
9.0
3.0
3.0
37.0
45.0
25.6
200.0
204.0
382.0
41.0
37.17
74.0
21.03
15.0
43.0
3.04
17.0
1294.0
415.0
62.17
50.0
5.0
405.0
6.0
579.0
67.0
638.0
4.0
13.0
974.0
1012.0
16.0
8.53
30.0
606.0
694.0
299.0
127.0
131.5
18.42
33.0
482.3
40.0
17.06
70.0
160.0
80.0
140.0
14.0
747.0
630.0
2.0
95.0
171.0
78.0
117.65
25.0
20.0
7.0
11.27
51.81
10.0
17.0
36.0
38.0
60.0
208.0
327.0
125.0
455.0
50.0
3.0
328.0
55.0
51.0
737.0
12.0
695.0
960.0
1162.0
511.0
1208.0
1250.0
5.0
804.2
604.0
773.0
664.0
872.0
1894.0
955.1
965.0
1413.0
365.4
822.04
928.0
521.0
166.0
542.0
1028.0
10.0
142.0
239.0
930.0
264.0
128.0
255.0
207.56
222.27
132.0
200.0
255.73
185.0
673.5
361.36
48.8
56.3
48.8
16.0
26.21
22.0
26.0
87.0
25.0
8.83
72.0
65.0
32.0
300.0
25.0
6.0
66.0
49.0
14.0
94.0
138.0
557.0
822.0
989.5
13.0
1104.57
836.0
211.0
302.0
562.0
8.0
32.0
977.0
17.37
162.0
252.0
14.0
90.0
89.0
6.0
15.0
109.0
5.0
148.0
140.0
93.0
19.2
275.0
173.0
5.0
193.0
15.0
8.0
26.0
7.7
87.17
88.0
128.0
15.0
60.0
163.0
170.0
142.0
360.0
528.0
97.0
57.0
53.03
10.0
42.67
542.7
516.0
517.0
392.3
425.0
1146.0
493.0
468.0
453.0
459.63
313.02
402.0
240.0
313.0
330.0
171.0
458.11
1036.0
793.0
577.0
320.0
279.0
615.0
432.0
393.0
582.0
363.0
384.0
275.0
181.96
327.0
18.0
43.0
186.0
4.0
62.0
229.0
19.81
2.0
4.0
16.0
132.0
583.0
1030.0
1090.0
550.0
717.0
376.0
310.0
362.0
376.0
241.0
214.0
349.0
214.88
184.0
308.0
10.36
143.0
211.0
327.0
183.0
107.89
11.0
310.0
258.0
7.0
7.31
8.0
47.85
43.0
869.0
724.0
566.0
467.0
253.0
803.0
362.0
455.0
343.0
185.0
100.0
72.0
10.0
4.87
18.0
18.0
53.0
306.0
171.0
72.23
107.28
109.0
188.0
57.3
193.24
119.78
133.0
289.0
53.0
153.31
162.0
197.0
26.0
6.4
15.0
4.0
219.0
16.0
35.0
20.72
41.75
13.0
14.32
493.0
54.0
33.0
58.0
57.0
44.0
42.67
6.0
22.0
9.0
3.0
16.0
15.0
12.0
12.0
35.0
24.0
16.0
41.75
2.0
379.47
19.0
2.0
55.16
154.22
98.75
299.0
122.0
174.0
71.0
94.0
93.0
212.0
95.0
356.0
225.85
197.0
225.0
169.46
91.0
155.0
31.0
10.0
93.87
52.42
18.0
47.0
111.55
20.0
9.75
41.6
4.0
13.0
17.0
49.98
5.0
30.78
10.0
44.0
5.0
5.0
130.0
148.0
114.0
5.0
60.0
10.0
3.0
21.0
71.93
185.92
3.0
200.0
23.16
232.0
58.21
8.0
4.0
5.18
39.0
1009.0
156.0
87.0
487.5
37.0
161.0
120.0
134.0
114.0
272.0
98.0
240.0
196.29
6.3
302.0
11.0
153.0
374.0
76.0
87.0
46.4
75.0
139.5
111.5
84.5
153.3
162.5
11.0
8.0
92.0
214.7
27.5
5.5
3.0
4.6
21.7
122.0
85.0
76.0
2.0
22.8
44.2
23.5
306.5
29.0
86.0
270.0
83.2
236.5
125.0
92.0
93.0
153.0
146.0
80.0
9.1
117.0
79.5
2.8
3.7
171.4
91.3
165.5
22.5
115.0
79.5
2.0
6.4
98.0
112.0
115.0
198.4
23.8
482.7
49.5
197.0
106.3
146.6
306.32
165.0
93.0
107.4
208.0
180.0
248.8
438.0
254.9
360.0
762.0
565.5
252.6
349.5
22.0
123.5
5.2
87.5
33.0
5.0
90.0
31.7
207.6
123.0
183.48
85.9
196.59
82.3
221.7
83.0
12.0
285.0
106.0
341.0
181.0
3.1
19.0
18.59
120.0
362.8
263.95
2.0
7.3
6.0
14.32
3.8
9.0
161.0
340.0
161.5
121.5
225.2
76.0
147.21
25.29
12.0
5.0
11.0
5.79
46.02
132.0
98.45
77.0
19.2
159.7
91.74
10.1
227.0
81.0
121.31
5.0
139.9
39.0
156.5
124.8
98.0
118.87
145.99
144.0
100.27
94.79
143.0
4.5
13.41
88.3
99.0
9.0
106.37
104.4
103.0
3.9
78.7
103.32
5.5
5.18
49.07
54.55
13.1
4.0
16.0
10.0
6.8
6.5
113.0
12.0
7.5
23.3
20.2
27.1
3.5
15.1
24.0
15.0
6.09
84.0
24.68
57.0
12.0
15.54
11.27
5.79
4.0
7.92
264.0
10.0
773.0
1130.0
80.0
249.0
9.44
4.0
228.0
1245.0
6.7
12.8
933.0
38.4
43.89
140.0
134.0
65.53
11.58
17.0
10.0
4.0
12.0
59.0
19.81
27.0
12.8
7.92
470.0
470.0
470.0
470.0
470.0
470.0
470.0
470.0
470.0
470.0
35.0
564.0
113.0
245.0
111.0
41.14
242.0
5.18
325.0
57.0
11.58
16.76
123.0
81.0
14.32
16.76
27.0
57.91
286.0
255.0
227.0
847.0
212.0
146.0
21.33
81.07
40.23
36.57
28.04
28.0
16.15
159.0
262.0
19.0
62.0
11.27
215.0
76.0
9.0
10.36
13.71
24.38
299.0
78.33
267.0
267.0
207.56
119.0
35.0
117.0
111.86
61.56
36.88
70.4
66.44
7.0
6.0
8.0
3.0
7.62
5.0
7.0
94.0
16.76
163.0
359.0
75.89
82.9
93.26
83.21
3.0
22.86
20.0
35.66
134.0
62.0
307.0
99.0
76.0
31.0
99.66
96.0
106.0
109.11
84.0
17.06
14.32
10.1
10.1
86.56
32.0
3.0
32.0
30.78
87.17
210.0
87.78
68.88
205.0
37.79
160.32
128.0
106.07
87.0
14.93
3.0
8.22
347.0
67.05
49.68
189.58
156.36
133.0
124.05
91.0
123.44
182.27
72.54
5.79
68.0
5.0
25.29
61.56
170.0
117.0
50.0
31.0
63.0
88.0
81.38
199.0
27.0
31.08
253.0
22.86
52.0
11.58
13.41
24.0
3.0
2.13
52.0
3.96
88.39
102.41
84.42
72.0
50.0
6.0
6.7
227.0
65.0
156.0
81.68
160.0
4.57
21.0
41.0
30.0
153.0
53.0
63.0
14.02
23.0
76.0
97.23
73.76
69.0
100.0
202.69
9.73
34.67
79.0
25.0
24.0
8.0
2.43
5.0
52.1
14.63
14.0
5.0
8.0
99.36
1.82
38.0
5.48
42.0
17.0
46.0
386.0
10.0
7.31
48.0
23.16
11.0
36.0
7.0
753.0
22.0
5.0
27.0
53.0
32.0
31.0
22.0
40.0
505.0
249.0
641.0
614.0
648.0
17.0
727.0
821.0
9.0
59.3
639.0
44.0
949.0
92.4
34.0
11.0
76.5
27.0
31.0
89.0
11.0
15.0
16.0
40.0
129.0
27.0
41.0
12.0
50.29
8.0
14.0
84.0
22.0
13.0
30.0
34.13
34.0
16.0
4.0
36.0
10.0
12.0
44.0
69.0
10.0
23.0
52.0
37.0
80.0
39.0
19.0
3207.0
23.0
85.34
61.0
957.99
21.0
10.0
41.0
43.0
96.01
94.49
95.1
95.0
3.04
13.0
55.0
28.04
5.0
89.0
4.0
53.0
5.0
51.81
33.0
5.18
62.0
24.99
62.0
6.0
55.0
4.0
29.56
18.0
25.0
4.0
9.0
24.0
75.28
43.58
62.0
42.97
7.31
19.0
17.06
3.0
6.0
51.0
34.0
12.0
4.0
9.0
3.0
5.0
3.0
46.0
35.05
13.0
15.0
43.0
12.0
44.5
22.0
5.18
42.0
6.0
40.0
15.84
9.0
25.0
36.0
24.0
27.0
33.0
28.0
30.0
27.0
34.0
41.0
0.91
0.0
-3.35
5.0
-3.0
2.0
30.0
10.0
4.0
3.0
-3.96
8.0
0.91
-3.0
48.15
0.0
5.0
16.0
5.18
29.0
0.0
34.74
10.0
2.0
19.0
18.0
1.0
14.0
19.2
-4.57
2.0
14.93
1.0
22.55
21.94
30.0
114.3
19.0
6.09
3.96
25.0
9.0
37.46
58.82
78.0
15.0
11.0
101.0
187.14
11.88
56.08
233.0
284.98
112.77
157.0
21.0
54.0
296.0
588.26
557.0
39.0
200.86
60.96
324.0
482.0
37.0
673.0
570.0
376.12
317.0
439.43
487.0
1026.56
1631.0
431.0
1136.11
1973.0
448.05
490.49
1018.1
426.72
579.12
597.0
1050.0
437.43
1210.0
437.0
440.0
719.71
420.0
633.0
380.0
1030.0
1041.0
510.23
1706.88
567.0
429.0
389.0
482.0
483.0
590.59
706.0
1406.0
714.5
340.0
416.0
453.45
610.0
327.0
337.0
522.0
456.0
743.74
939.75
1018.0
475.0
445.0
2110.0
557.55
430.07
441.0
341.0
843.0
431.59
451.0
486.48
443.44
910.0
470.0
539.53
2500.0
777.77
398.06
965.0
517.51
497.49
2480.0
1124.0
398.39
623.0
1438.14
430.07
1670.16
1045.1
684.0
432.0
859.0
828.82
375.0
462.0
383.0
2964.29
480.0
1580.0
2479.0
481.88
482.0
1448.0
1828.0
2733.0
1508.0
1538.15
642.0
1605.16
3576.0
820.0
578.57
1328.13
2893.0
3094.3
1965.0
1347.13
2885.0
1624.0
3129.31
2284.22
1891.0
422.42
1016.0
2171.0
552.0
324.32
1648.0
380.0
198.0
278.89
352.35
1601.16
1970.0
1804.18
2667.0
1180.0
1638.0
1592.0
1878.18
556.0
989.0
1075.0
698.0
626.0
3299.0
1706.0
1560.0
1079.1
2670.0
1390.0
2260.22
1295.0
2400.0
450.0
506.0
2323.0
463.0
